101085_s001.png (240,240,3)
101085_s002.png (240,240,3)
101085_s003.png (240,240,3)
101085_s004.png (240,240,3)
101085_s005.png (240,240,3)
101085_s006.png (240,240,3)
101085_s007.png (240,240,3)
101085_s008.png (240,240,3)
101087_s001.png (240,240,3)
101087_s002.png (240,240,3)
101087_s003.png (240,240,3)
101087_s004.png (240,240,3)
101087_s005.png (240,240,3)
101087_s006.png (240,240,3)
101087_s007.png (240,240,3)
101087_s008.png (240,240,3)
102061_s001.png (240,240,3)
102061_s002.png (240,240,3)
102061_s003.png (240,240,3)
102061_s004.png (240,240,3)
102061_s005.png (240,240,3)
102061_s006.png (240,240,3)
102061_s007.png (240,240,3)
102061_s008.png (240,240,3)
103070_s001.png (240,240,3)
103070_s002.png (240,240,3)
103070_s003.png (240,240,3)
103070_s004.png (240,240,3)
103070_s005.png (240,240,3)
103070_s006.png (240,240,3)
103070_s007.png (240,240,3)
103070_s008.png (240,240,3)
105025_s001.png (240,240,3)
105025_s002.png (240,240,3)
105025_s003.png (240,240,3)
105025_s004.png (240,240,3)
105025_s005.png (240,240,3)
105025_s006.png (240,240,3)
105025_s007.png (240,240,3)
105025_s008.png (240,240,3)
106024_s001.png (240,240,3)
106024_s002.png (240,240,3)
106024_s003.png (240,240,3)
106024_s004.png (240,240,3)
106024_s005.png (240,240,3)
106024_s006.png (240,240,3)
106024_s007.png (240,240,3)
106024_s008.png (240,240,3)
108005_s001.png (240,240,3)
108005_s002.png (240,240,3)
108005_s003.png (240,240,3)
108005_s004.png (240,240,3)
108005_s005.png (240,240,3)
108005_s006.png (240,240,3)
108005_s007.png (240,240,3)
108005_s008.png (240,240,3)
108070_s001.png (240,240,3)
108070_s002.png (240,240,3)
108070_s003.png (240,240,3)
108070_s004.png (240,240,3)
108070_s005.png (240,240,3)
108070_s006.png (240,240,3)
108070_s007.png (240,240,3)
108070_s008.png (240,240,3)
108082_s001.png (240,240,3)
108082_s002.png (240,240,3)
108082_s003.png (240,240,3)
108082_s004.png (240,240,3)
108082_s005.png (240,240,3)
108082_s006.png (240,240,3)
108082_s007.png (240,240,3)
108082_s008.png (240,240,3)
109053_s001.png (240,240,3)
109053_s002.png (240,240,3)
109053_s003.png (240,240,3)
109053_s004.png (240,240,3)
109053_s005.png (240,240,3)
109053_s006.png (240,240,3)
109053_s007.png (240,240,3)
109053_s008.png (240,240,3)
119082_s001.png (240,240,3)
119082_s002.png (240,240,3)
119082_s003.png (240,240,3)
119082_s004.png (240,240,3)
119082_s005.png (240,240,3)
119082_s006.png (240,240,3)
119082_s007.png (240,240,3)
119082_s008.png (240,240,3)
12084_s001.png (240,240,3)
12084_s002.png (240,240,3)
12084_s003.png (240,240,3)
12084_s004.png (240,240,3)
12084_s005.png (240,240,3)
12084_s006.png (240,240,3)
12084_s007.png (240,240,3)
12084_s008.png (240,240,3)
123074_s001.png (240,240,3)
123074_s002.png (240,240,3)
123074_s003.png (240,240,3)
123074_s004.png (240,240,3)
123074_s005.png (240,240,3)
123074_s006.png (240,240,3)
123074_s007.png (240,240,3)
123074_s008.png (240,240,3)
126007_s001.png (240,240,3)
126007_s002.png (240,240,3)
126007_s003.png (240,240,3)
126007_s004.png (240,240,3)
126007_s005.png (240,240,3)
126007_s006.png (240,240,3)
126007_s007.png (240,240,3)
126007_s008.png (240,240,3)
130026_s001.png (240,240,3)
130026_s002.png (240,240,3)
130026_s003.png (240,240,3)
130026_s004.png (240,240,3)
130026_s005.png (240,240,3)
130026_s006.png (240,240,3)
130026_s007.png (240,240,3)
130026_s008.png (240,240,3)
134035_s001.png (240,240,3)
134035_s002.png (240,240,3)
134035_s003.png (240,240,3)
134035_s004.png (240,240,3)
134035_s005.png (240,240,3)
134035_s006.png (240,240,3)
134035_s007.png (240,240,3)
134035_s008.png (240,240,3)
14037_s001.png (240,240,3)
14037_s002.png (240,240,3)
14037_s003.png (240,240,3)
14037_s004.png (240,240,3)
14037_s005.png (240,240,3)
14037_s006.png (240,240,3)
14037_s007.png (240,240,3)
14037_s008.png (240,240,3)
143090_s001.png (240,240,3)
143090_s002.png (240,240,3)
143090_s003.png (240,240,3)
143090_s004.png (240,240,3)
143090_s005.png (240,240,3)
143090_s006.png (240,240,3)
143090_s007.png (240,240,3)
143090_s008.png (240,240,3)
145086_s001.png (240,240,3)
145086_s002.png (240,240,3)
145086_s003.png (240,240,3)
145086_s004.png (240,240,3)
145086_s005.png (240,240,3)
145086_s006.png (240,240,3)
145086_s007.png (240,240,3)
145086_s008.png (240,240,3)
147091_s001.png (240,240,3)
147091_s002.png (240,240,3)
147091_s003.png (240,240,3)
147091_s004.png (240,240,3)
147091_s005.png (240,240,3)
147091_s006.png (240,240,3)
147091_s007.png (240,240,3)
147091_s008.png (240,240,3)
148026_s001.png (240,240,3)
148026_s002.png (240,240,3)
148026_s003.png (240,240,3)
148026_s004.png (240,240,3)
148026_s005.png (240,240,3)
148026_s006.png (240,240,3)
148026_s007.png (240,240,3)
148026_s008.png (240,240,3)
148089_s001.png (240,240,3)
148089_s002.png (240,240,3)
148089_s003.png (240,240,3)
148089_s004.png (240,240,3)
148089_s005.png (240,240,3)
148089_s006.png (240,240,3)
148089_s007.png (240,240,3)
148089_s008.png (240,240,3)
156065_s001.png (240,240,3)
156065_s002.png (240,240,3)
156065_s003.png (240,240,3)
156065_s004.png (240,240,3)
156065_s005.png (240,240,3)
156065_s006.png (240,240,3)
156065_s007.png (240,240,3)
156065_s008.png (240,240,3)
157055_s001.png (240,240,3)
157055_s002.png (240,240,3)
157055_s003.png (240,240,3)
157055_s004.png (240,240,3)
157055_s005.png (240,240,3)
157055_s006.png (240,240,3)
157055_s007.png (240,240,3)
157055_s008.png (240,240,3)
159008_s001.png (240,240,3)
159008_s002.png (240,240,3)
159008_s003.png (240,240,3)
159008_s004.png (240,240,3)
159008_s005.png (240,240,3)
159008_s006.png (240,240,3)
159008_s007.png (240,240,3)
159008_s008.png (240,240,3)
160068_s001.png (240,240,3)
160068_s002.png (240,240,3)
160068_s003.png (240,240,3)
160068_s004.png (240,240,3)
160068_s005.png (240,240,3)
160068_s006.png (240,240,3)
160068_s007.png (240,240,3)
160068_s008.png (240,240,3)
16077_s001.png (240,240,3)
16077_s002.png (240,240,3)
16077_s003.png (240,240,3)
16077_s004.png (240,240,3)
16077_s005.png (240,240,3)
16077_s006.png (240,240,3)
16077_s007.png (240,240,3)
16077_s008.png (240,240,3)
163085_s001.png (240,240,3)
163085_s002.png (240,240,3)
163085_s003.png (240,240,3)
163085_s004.png (240,240,3)
163085_s005.png (240,240,3)
163085_s006.png (240,240,3)
163085_s007.png (240,240,3)
163085_s008.png (240,240,3)
167062_s001.png (240,240,3)
167062_s002.png (240,240,3)
167062_s003.png (240,240,3)
167062_s004.png (240,240,3)
167062_s005.png (240,240,3)
167062_s006.png (240,240,3)
167062_s007.png (240,240,3)
167062_s008.png (240,240,3)
167083_s001.png (240,240,3)
167083_s002.png (240,240,3)
167083_s003.png (240,240,3)
167083_s004.png (240,240,3)
167083_s005.png (240,240,3)
167083_s006.png (240,240,3)
167083_s007.png (240,240,3)
167083_s008.png (240,240,3)
170057_s001.png (240,240,3)
170057_s002.png (240,240,3)
170057_s003.png (240,240,3)
170057_s004.png (240,240,3)
170057_s005.png (240,240,3)
170057_s006.png (240,240,3)
170057_s007.png (240,240,3)
170057_s008.png (240,240,3)
175032_s001.png (240,240,3)
175032_s002.png (240,240,3)
175032_s003.png (240,240,3)
175032_s004.png (240,240,3)
175032_s005.png (240,240,3)
175032_s006.png (240,240,3)
175032_s007.png (240,240,3)
175032_s008.png (240,240,3)
175043_s001.png (240,240,3)
175043_s002.png (240,240,3)
175043_s003.png (240,240,3)
175043_s004.png (240,240,3)
175043_s005.png (240,240,3)
175043_s006.png (240,240,3)
175043_s007.png (240,240,3)
175043_s008.png (240,240,3)
182053_s001.png (240,240,3)
182053_s002.png (240,240,3)
182053_s003.png (240,240,3)
182053_s004.png (240,240,3)
182053_s005.png (240,240,3)
182053_s006.png (240,240,3)
182053_s007.png (240,240,3)
182053_s008.png (240,240,3)
189080_s001.png (240,240,3)
189080_s002.png (240,240,3)
189080_s003.png (240,240,3)
189080_s004.png (240,240,3)
189080_s005.png (240,240,3)
189080_s006.png (240,240,3)
189080_s007.png (240,240,3)
189080_s008.png (240,240,3)
19021_s001.png (240,240,3)
19021_s002.png (240,240,3)
19021_s003.png (240,240,3)
19021_s004.png (240,240,3)
19021_s005.png (240,240,3)
19021_s006.png (240,240,3)
19021_s007.png (240,240,3)
19021_s008.png (240,240,3)
196073_s001.png (240,240,3)
196073_s002.png (240,240,3)
196073_s003.png (240,240,3)
196073_s004.png (240,240,3)
196073_s005.png (240,240,3)
196073_s006.png (240,240,3)
196073_s007.png (240,240,3)
196073_s008.png (240,240,3)
197017_s001.png (240,240,3)
197017_s002.png (240,240,3)
197017_s003.png (240,240,3)
197017_s004.png (240,240,3)
197017_s005.png (240,240,3)
197017_s006.png (240,240,3)
197017_s007.png (240,240,3)
197017_s008.png (240,240,3)
208001_s001.png (240,240,3)
208001_s002.png (240,240,3)
208001_s003.png (240,240,3)
208001_s004.png (240,240,3)
208001_s005.png (240,240,3)
208001_s006.png (240,240,3)
208001_s007.png (240,240,3)
208001_s008.png (240,240,3)
210088_s001.png (240,240,3)
210088_s002.png (240,240,3)
210088_s003.png (240,240,3)
210088_s004.png (240,240,3)
210088_s005.png (240,240,3)
210088_s006.png (240,240,3)
210088_s007.png (240,240,3)
210088_s008.png (240,240,3)
21077_s001.png (240,240,3)
21077_s002.png (240,240,3)
21077_s003.png (240,240,3)
21077_s004.png (240,240,3)
21077_s005.png (240,240,3)
21077_s006.png (240,240,3)
21077_s007.png (240,240,3)
21077_s008.png (240,240,3)
216081_s001.png (240,240,3)
216081_s002.png (240,240,3)
216081_s003.png (240,240,3)
216081_s004.png (240,240,3)
216081_s005.png (240,240,3)
216081_s006.png (240,240,3)
216081_s007.png (240,240,3)
216081_s008.png (240,240,3)
219090_s001.png (240,240,3)
219090_s002.png (240,240,3)
219090_s003.png (240,240,3)
219090_s004.png (240,240,3)
219090_s005.png (240,240,3)
219090_s006.png (240,240,3)
219090_s007.png (240,240,3)
219090_s008.png (240,240,3)
220075_s001.png (240,240,3)
220075_s002.png (240,240,3)
220075_s003.png (240,240,3)
220075_s004.png (240,240,3)
220075_s005.png (240,240,3)
220075_s006.png (240,240,3)
220075_s007.png (240,240,3)
220075_s008.png (240,240,3)
223061_s001.png (240,240,3)
223061_s002.png (240,240,3)
223061_s003.png (240,240,3)
223061_s004.png (240,240,3)
223061_s005.png (240,240,3)
223061_s006.png (240,240,3)
223061_s007.png (240,240,3)
223061_s008.png (240,240,3)
227092_s001.png (240,240,3)
227092_s002.png (240,240,3)
227092_s003.png (240,240,3)
227092_s004.png (240,240,3)
227092_s005.png (240,240,3)
227092_s006.png (240,240,3)
227092_s007.png (240,240,3)
227092_s008.png (240,240,3)
229036_s001.png (240,240,3)
229036_s002.png (240,240,3)
229036_s003.png (240,240,3)
229036_s004.png (240,240,3)
229036_s005.png (240,240,3)
229036_s006.png (240,240,3)
229036_s007.png (240,240,3)
229036_s008.png (240,240,3)
236037_s001.png (240,240,3)
236037_s002.png (240,240,3)
236037_s003.png (240,240,3)
236037_s004.png (240,240,3)
236037_s005.png (240,240,3)
236037_s006.png (240,240,3)
236037_s007.png (240,240,3)
236037_s008.png (240,240,3)
24077_s001.png (240,240,3)
24077_s002.png (240,240,3)
24077_s003.png (240,240,3)
24077_s004.png (240,240,3)
24077_s005.png (240,240,3)
24077_s006.png (240,240,3)
24077_s007.png (240,240,3)
24077_s008.png (240,240,3)
241004_s001.png (240,240,3)
241004_s002.png (240,240,3)
241004_s003.png (240,240,3)
241004_s004.png (240,240,3)
241004_s005.png (240,240,3)
241004_s006.png (240,240,3)
241004_s007.png (240,240,3)
241004_s008.png (240,240,3)
241048_s001.png (240,240,3)
241048_s002.png (240,240,3)
241048_s003.png (240,240,3)
241048_s004.png (240,240,3)
241048_s005.png (240,240,3)
241048_s006.png (240,240,3)
241048_s007.png (240,240,3)
241048_s008.png (240,240,3)
253027_s001.png (240,240,3)
253027_s002.png (240,240,3)
253027_s003.png (240,240,3)
253027_s004.png (240,240,3)
253027_s005.png (240,240,3)
253027_s006.png (240,240,3)
253027_s007.png (240,240,3)
253027_s008.png (240,240,3)
253055_s001.png (240,240,3)
253055_s002.png (240,240,3)
253055_s003.png (240,240,3)
253055_s004.png (240,240,3)
253055_s005.png (240,240,3)
253055_s006.png (240,240,3)
253055_s007.png (240,240,3)
253055_s008.png (240,240,3)
260058_s001.png (240,240,3)
260058_s002.png (240,240,3)
260058_s003.png (240,240,3)
260058_s004.png (240,240,3)
260058_s005.png (240,240,3)
260058_s006.png (240,240,3)
260058_s007.png (240,240,3)
260058_s008.png (240,240,3)
271035_s001.png (240,240,3)
271035_s002.png (240,240,3)
271035_s003.png (240,240,3)
271035_s004.png (240,240,3)
271035_s005.png (240,240,3)
271035_s006.png (240,240,3)
271035_s007.png (240,240,3)
271035_s008.png (240,240,3)
285079_s001.png (240,240,3)
285079_s002.png (240,240,3)
285079_s003.png (240,240,3)
285079_s004.png (240,240,3)
285079_s005.png (240,240,3)
285079_s006.png (240,240,3)
285079_s007.png (240,240,3)
285079_s008.png (240,240,3)
291000_s001.png (240,240,3)
291000_s002.png (240,240,3)
291000_s003.png (240,240,3)
291000_s004.png (240,240,3)
291000_s005.png (240,240,3)
291000_s006.png (240,240,3)
291000_s007.png (240,240,3)
291000_s008.png (240,240,3)
295087_s001.png (240,240,3)
295087_s002.png (240,240,3)
295087_s003.png (240,240,3)
295087_s004.png (240,240,3)
295087_s005.png (240,240,3)
295087_s006.png (240,240,3)
295087_s007.png (240,240,3)
295087_s008.png (240,240,3)
296007_s001.png (240,240,3)
296007_s002.png (240,240,3)
296007_s003.png (240,240,3)
296007_s004.png (240,240,3)
296007_s005.png (240,240,3)
296007_s006.png (240,240,3)
296007_s007.png (240,240,3)
296007_s008.png (240,240,3)
296059_s001.png (240,240,3)
296059_s002.png (240,240,3)
296059_s003.png (240,240,3)
296059_s004.png (240,240,3)
296059_s005.png (240,240,3)
296059_s006.png (240,240,3)
296059_s007.png (240,240,3)
296059_s008.png (240,240,3)
299086_s001.png (240,240,3)
299086_s002.png (240,240,3)
299086_s003.png (240,240,3)
299086_s004.png (240,240,3)
299086_s005.png (240,240,3)
299086_s006.png (240,240,3)
299086_s007.png (240,240,3)
299086_s008.png (240,240,3)
300091_s001.png (240,240,3)
300091_s002.png (240,240,3)
300091_s003.png (240,240,3)
300091_s004.png (240,240,3)
300091_s005.png (240,240,3)
300091_s006.png (240,240,3)
300091_s007.png (240,240,3)
300091_s008.png (240,240,3)
302008_s001.png (240,240,3)
302008_s002.png (240,240,3)
302008_s003.png (240,240,3)
302008_s004.png (240,240,3)
302008_s005.png (240,240,3)
302008_s006.png (240,240,3)
302008_s007.png (240,240,3)
302008_s008.png (240,240,3)
304034_s001.png (240,240,3)
304034_s002.png (240,240,3)
304034_s003.png (240,240,3)
304034_s004.png (240,240,3)
304034_s005.png (240,240,3)
304034_s006.png (240,240,3)
304034_s007.png (240,240,3)
304034_s008.png (240,240,3)
304074_s001.png (240,240,3)
304074_s002.png (240,240,3)
304074_s003.png (240,240,3)
304074_s004.png (240,240,3)
304074_s005.png (240,240,3)
304074_s006.png (240,240,3)
304074_s007.png (240,240,3)
304074_s008.png (240,240,3)
306005_s001.png (240,240,3)
306005_s002.png (240,240,3)
306005_s003.png (240,240,3)
306005_s004.png (240,240,3)
306005_s005.png (240,240,3)
306005_s006.png (240,240,3)
306005_s007.png (240,240,3)
306005_s008.png (240,240,3)
3096_s001.png (240,240,3)
3096_s002.png (240,240,3)
3096_s003.png (240,240,3)
3096_s004.png (240,240,3)
3096_s005.png (240,240,3)
3096_s006.png (240,240,3)
3096_s007.png (240,240,3)
3096_s008.png (240,240,3)
33039_s001.png (240,240,3)
33039_s002.png (240,240,3)
33039_s003.png (240,240,3)
33039_s004.png (240,240,3)
33039_s005.png (240,240,3)
33039_s006.png (240,240,3)
33039_s007.png (240,240,3)
33039_s008.png (240,240,3)
351093_s001.png (240,240,3)
351093_s002.png (240,240,3)
351093_s003.png (240,240,3)
351093_s004.png (240,240,3)
351093_s005.png (240,240,3)
351093_s006.png (240,240,3)
351093_s007.png (240,240,3)
351093_s008.png (240,240,3)
361010_s001.png (240,240,3)
361010_s002.png (240,240,3)
361010_s003.png (240,240,3)
361010_s004.png (240,240,3)
361010_s005.png (240,240,3)
361010_s006.png (240,240,3)
361010_s007.png (240,240,3)
361010_s008.png (240,240,3)
37073_s001.png (240,240,3)
37073_s002.png (240,240,3)
37073_s003.png (240,240,3)
37073_s004.png (240,240,3)
37073_s005.png (240,240,3)
37073_s006.png (240,240,3)
37073_s007.png (240,240,3)
37073_s008.png (240,240,3)
376043_s001.png (240,240,3)
376043_s002.png (240,240,3)
376043_s003.png (240,240,3)
376043_s004.png (240,240,3)
376043_s005.png (240,240,3)
376043_s006.png (240,240,3)
376043_s007.png (240,240,3)
376043_s008.png (240,240,3)
38082_s001.png (240,240,3)
38082_s002.png (240,240,3)
38082_s003.png (240,240,3)
38082_s004.png (240,240,3)
38082_s005.png (240,240,3)
38082_s006.png (240,240,3)
38082_s007.png (240,240,3)
38082_s008.png (240,240,3)
38092_s001.png (240,240,3)
38092_s002.png (240,240,3)
38092_s003.png (240,240,3)
38092_s004.png (240,240,3)
38092_s005.png (240,240,3)
38092_s006.png (240,240,3)
38092_s007.png (240,240,3)
38092_s008.png (240,240,3)
385039_s001.png (240,240,3)
385039_s002.png (240,240,3)
385039_s003.png (240,240,3)
385039_s004.png (240,240,3)
385039_s005.png (240,240,3)
385039_s006.png (240,240,3)
385039_s007.png (240,240,3)
385039_s008.png (240,240,3)
41033_s001.png (240,240,3)
41033_s002.png (240,240,3)
41033_s003.png (240,240,3)
41033_s004.png (240,240,3)
41033_s005.png (240,240,3)
41033_s006.png (240,240,3)
41033_s007.png (240,240,3)
41033_s008.png (240,240,3)
41069_s001.png (240,240,3)
41069_s002.png (240,240,3)
41069_s003.png (240,240,3)
41069_s004.png (240,240,3)
41069_s005.png (240,240,3)
41069_s006.png (240,240,3)
41069_s007.png (240,240,3)
41069_s008.png (240,240,3)
42012_s001.png (240,240,3)
42012_s002.png (240,240,3)
42012_s003.png (240,240,3)
42012_s004.png (240,240,3)
42012_s005.png (240,240,3)
42012_s006.png (240,240,3)
42012_s007.png (240,240,3)
42012_s008.png (240,240,3)
42049_s001.png (240,240,3)
42049_s002.png (240,240,3)
42049_s003.png (240,240,3)
42049_s004.png (240,240,3)
42049_s005.png (240,240,3)
42049_s006.png (240,240,3)
42049_s007.png (240,240,3)
42049_s008.png (240,240,3)
43074_s001.png (240,240,3)
43074_s002.png (240,240,3)
43074_s003.png (240,240,3)
43074_s004.png (240,240,3)
43074_s005.png (240,240,3)
43074_s006.png (240,240,3)
43074_s007.png (240,240,3)
43074_s008.png (240,240,3)
45096_s001.png (240,240,3)
45096_s002.png (240,240,3)
45096_s003.png (240,240,3)
45096_s004.png (240,240,3)
45096_s005.png (240,240,3)
45096_s006.png (240,240,3)
45096_s007.png (240,240,3)
45096_s008.png (240,240,3)
54082_s001.png (240,240,3)
54082_s002.png (240,240,3)
54082_s003.png (240,240,3)
54082_s004.png (240,240,3)
54082_s005.png (240,240,3)
54082_s006.png (240,240,3)
54082_s007.png (240,240,3)
54082_s008.png (240,240,3)
55073_s001.png (240,240,3)
55073_s002.png (240,240,3)
55073_s003.png (240,240,3)
55073_s004.png (240,240,3)
55073_s005.png (240,240,3)
55073_s006.png (240,240,3)
55073_s007.png (240,240,3)
55073_s008.png (240,240,3)
58060_s001.png (240,240,3)
58060_s002.png (240,240,3)
58060_s003.png (240,240,3)
58060_s004.png (240,240,3)
58060_s005.png (240,240,3)
58060_s006.png (240,240,3)
58060_s007.png (240,240,3)
58060_s008.png (240,240,3)
62096_s001.png (240,240,3)
62096_s002.png (240,240,3)
62096_s003.png (240,240,3)
62096_s004.png (240,240,3)
62096_s005.png (240,240,3)
62096_s006.png (240,240,3)
62096_s007.png (240,240,3)
62096_s008.png (240,240,3)
65033_s001.png (240,240,3)
65033_s002.png (240,240,3)
65033_s003.png (240,240,3)
65033_s004.png (240,240,3)
65033_s005.png (240,240,3)
65033_s006.png (240,240,3)
65033_s007.png (240,240,3)
65033_s008.png (240,240,3)
66053_s001.png (240,240,3)
66053_s002.png (240,240,3)
66053_s003.png (240,240,3)
66053_s004.png (240,240,3)
66053_s005.png (240,240,3)
66053_s006.png (240,240,3)
66053_s007.png (240,240,3)
66053_s008.png (240,240,3)
69015_s001.png (240,240,3)
69015_s002.png (240,240,3)
69015_s003.png (240,240,3)
69015_s004.png (240,240,3)
69015_s005.png (240,240,3)
69015_s006.png (240,240,3)
69015_s007.png (240,240,3)
69015_s008.png (240,240,3)
69020_s001.png (240,240,3)
69020_s002.png (240,240,3)
69020_s003.png (240,240,3)
69020_s004.png (240,240,3)
69020_s005.png (240,240,3)
69020_s006.png (240,240,3)
69020_s007.png (240,240,3)
69020_s008.png (240,240,3)
69040_s001.png (240,240,3)
69040_s002.png (240,240,3)
69040_s003.png (240,240,3)
69040_s004.png (240,240,3)
69040_s005.png (240,240,3)
69040_s006.png (240,240,3)
69040_s007.png (240,240,3)
69040_s008.png (240,240,3)
76053_s001.png (240,240,3)
76053_s002.png (240,240,3)
76053_s003.png (240,240,3)
76053_s004.png (240,240,3)
76053_s005.png (240,240,3)
76053_s006.png (240,240,3)
76053_s007.png (240,240,3)
76053_s008.png (240,240,3)
78004_s001.png (240,240,3)
78004_s002.png (240,240,3)
78004_s003.png (240,240,3)
78004_s004.png (240,240,3)
78004_s005.png (240,240,3)
78004_s006.png (240,240,3)
78004_s007.png (240,240,3)
78004_s008.png (240,240,3)
8023_s001.png (240,240,3)
8023_s002.png (240,240,3)
8023_s003.png (240,240,3)
8023_s004.png (240,240,3)
8023_s005.png (240,240,3)
8023_s006.png (240,240,3)
8023_s007.png (240,240,3)
8023_s008.png (240,240,3)
85048_s001.png (240,240,3)
85048_s002.png (240,240,3)
85048_s003.png (240,240,3)
85048_s004.png (240,240,3)
85048_s005.png (240,240,3)
85048_s006.png (240,240,3)
85048_s007.png (240,240,3)
85048_s008.png (240,240,3)
86000_s001.png (240,240,3)
86000_s002.png (240,240,3)
86000_s003.png (240,240,3)
86000_s004.png (240,240,3)
86000_s005.png (240,240,3)
86000_s006.png (240,240,3)
86000_s007.png (240,240,3)
86000_s008.png (240,240,3)
86016_s001.png (240,240,3)
86016_s002.png (240,240,3)
86016_s003.png (240,240,3)
86016_s004.png (240,240,3)
86016_s005.png (240,240,3)
86016_s006.png (240,240,3)
86016_s007.png (240,240,3)
86016_s008.png (240,240,3)
86068_s001.png (240,240,3)
86068_s002.png (240,240,3)
86068_s003.png (240,240,3)
86068_s004.png (240,240,3)
86068_s005.png (240,240,3)
86068_s006.png (240,240,3)
86068_s007.png (240,240,3)
86068_s008.png (240,240,3)
87046_s001.png (240,240,3)
87046_s002.png (240,240,3)
87046_s003.png (240,240,3)
87046_s004.png (240,240,3)
87046_s005.png (240,240,3)
87046_s006.png (240,240,3)
87046_s007.png (240,240,3)
87046_s008.png (240,240,3)
89072_s001.png (240,240,3)
89072_s002.png (240,240,3)
89072_s003.png (240,240,3)
89072_s004.png (240,240,3)
89072_s005.png (240,240,3)
89072_s006.png (240,240,3)
89072_s007.png (240,240,3)
89072_s008.png (240,240,3)
97033_s001.png (240,240,3)
97033_s002.png (240,240,3)
97033_s003.png (240,240,3)
97033_s004.png (240,240,3)
97033_s005.png (240,240,3)
97033_s006.png (240,240,3)
97033_s007.png (240,240,3)
97033_s008.png (240,240,3)
