101085.png (481,321,3)
101087.png (481,321,3)
102061.png (481,321,3)
103070.png (321,481,3)
105025.png (321,481,3)
106024.png (321,481,3)
108005.png (321,481,3)
108070.png (321,481,3)
108082.png (321,481,3)
109053.png (321,481,3)
119082.png (321,481,3)
12084.png (321,481,3)
123074.png (321,481,3)
126007.png (321,481,3)
130026.png (321,481,3)
134035.png (321,481,3)
14037.png (321,481,3)
143090.png (321,481,3)
145086.png (321,481,3)
147091.png (321,481,3)
148026.png (481,321,3)
148089.png (321,481,3)
156065.png (321,481,3)
157055.png (321,481,3)
159008.png (321,481,3)
160068.png (321,481,3)
16077.png (321,481,3)
163085.png (321,481,3)
167062.png (321,481,3)
167083.png (481,321,3)
170057.png (321,481,3)
175032.png (481,321,3)
175043.png (321,481,3)
182053.png (321,481,3)
189080.png (481,321,3)
19021.png (321,481,3)
196073.png (321,481,3)
197017.png (321,481,3)
208001.png (481,321,3)
210088.png (481,321,3)
21077.png (321,481,3)
216081.png (321,481,3)
219090.png (321,481,3)
220075.png (321,481,3)
223061.png (321,481,3)
227092.png (481,321,3)
229036.png (321,481,3)
236037.png (321,481,3)
24077.png (321,481,3)
241004.png (321,481,3)
241048.png (321,481,3)
253027.png (321,481,3)
253055.png (321,481,3)
260058.png (321,481,3)
271035.png (481,321,3)
285079.png (481,321,3)
291000.png (321,481,3)
295087.png (321,481,3)
296007.png (321,481,3)
296059.png (321,481,3)
299086.png (321,481,3)
300091.png (321,481,3)
302008.png (481,321,3)
304034.png (321,481,3)
304074.png (481,321,3)
306005.png (321,481,3)
3096.png (321,481,3)
33039.png (481,321,3)
351093.png (321,481,3)
361010.png (321,481,3)
37073.png (321,481,3)
376043.png (481,321,3)
38082.png (321,481,3)
38092.png (321,481,3)
385039.png (321,481,3)
41033.png (321,481,3)
41069.png (321,481,3)
42012.png (481,321,3)
42049.png (321,481,3)
43074.png (321,481,3)
45096.png (321,481,3)
54082.png (481,321,3)
55073.png (481,321,3)
58060.png (321,481,3)
62096.png (321,481,3)
65033.png (321,481,3)
66053.png (321,481,3)
69015.png (481,321,3)
69020.png (321,481,3)
69040.png (321,481,3)
76053.png (321,481,3)
78004.png (481,321,3)
8023.png (321,481,3)
85048.png (321,481,3)
86000.png (481,321,3)
86016.png (321,481,3)
86068.png (321,481,3)
87046.png (321,481,3)
89072.png (481,321,3)
97033.png (321,481,3)
